0 201310190151
1 4671
2 1383283651
3 64310
4 201310190151
5 4671
6 1
7 2013
8 13
9 27
10 39
11 1
12 2013
13 13
14 27
15 39
16 0
17 1
18 2013
19 13
20 28
21 10
22 30
23 341245850
24 0
25 341245850
26 21621
27 0
28 21621
29 0
30 0
31 2
32 0
33 0
34 2
35 27
36 0
37 27
38 0
39 1
40 0
41 1
42 38505
43 0
44 38505
45 341242047
46 0
47 341242047
48 0
49 0
50 0
51 0
52 0
53 0
54 0
55 1
56 1
57 0
58 0
59 1
60 2013
61 13
62 27
63 40
64 1
65 2013
66 13
67 28
68 10
69 30
70 0
71 0
72 0
73 0
74 0
75 0
76 0
77 0
MapInputRecords 341242047
MapInputBytes 0
MapOutputBytes 0
MapTotalTasks 0
MapSuccessfulTasks 1
