0.1
1.1
4.1
30.1
45.1
126.1
184.1
303.1
373.1
413.1
504.1
571.1
797.1
1088.1
1133.1
1255.1
1456.1
1942.1
1991.1
2021.1
2357.1
2407.1
2474.1
2534.1
2717.1
2775.1
2917.1
2994.1
3114.1
3182.1
3354.1
3393.1
3647.1
3794.1
4323.1
4327.1
4541.1
4597.1
4667.1
4997.1
5027.1
5685.1
5875.1
6792.1
7350.1
7730.1
9467.1
10111.1
10338.1
10348.1
10818.1
10863.1
11963.1
12539.1
13187.1
17035.1
18165.1
19308.1
21377.1
27284.1
29337.1
34468.1
40798.1
42707.1
44675.1
48984.1
49376.1
51630.1
52853.1
55916.1
57569.1
64209.1
66426.1
68787.1
85293.1
106352.1
108253.1
112289.1
124989.1
127811.1
130932.1
134804.1
136005.1
137180.1
144636.1
